-0.5777662047776526,-0.18056872233701937,-1.0
0.21370557207112562,0.5726384008937551,1.0
0.9656935147612682,0.9534306478020258,1.0
-0.2982765389529527,0.7610276990294378,1.0
-0.7041750129261597,-0.13463475979884243,-1.0
0.5017165353970032,-0.909635410727718,-1.0
0.8532764970295048,-0.9497663273372718,-1.0
0.002257500615107322,-0.5185917655829215,-1.0
0.5347726380885012,-0.8330453398098172,-1.0
0.7015094891950264,-0.22407787660914913,1.0
0.22788844645853823,-0.7222943211126314,-1.0
0.7586814821759573,-0.45031269408922103,-1.0
-0.27126890543671767,0.6695841506762055,1.0
0.2903016289009819,0.5398304161485674,1.0
-0.7408837071884178,0.7970566423560881,1.0
-0.46273305964658906,-0.19775906762512996,-1.0
-0.11449748585507868,0.6074175163632805,1.0
-0.8734421512817294,0.2710457977707381,1.0
-0.5456041433517118,0.07245564389162462,1.0
-0.07125268587970934,-0.9928982951045706,-1.0
0.28416799005039817,0.4333004158583298,1.0
-0.9669492925634469,0.03843705410314757,-1.0
-0.24540979798503804,-0.30758855535976704,-1.0
0.7658451147640324,-0.6977239251501806,1.0
0.05665431074273153,0.5059406914523354,1.0
0.4175261855157506,-0.794628417813456,1.0
0.5941721197304657,-0.2223238925205222,1.0
-0.023354785371309417,0.8603740573151493,1.0
-0.6983475460462403,0.7868208501229141,-1.0
0.5436320737948397,-0.33961498890264963,1.0
0.21678148923442486,-0.09950683269008964,-1.0
0.3513070053150462,0.405194791466726,-1.0
0.44562691376495356,-0.5036210870364513,-1.0
-0.08575625098931816,0.35368940362875634,1.0
0.4059447094336823,0.8775561669717686,-1.0
-0.9685568258719734,-0.9427083749235123,1.0
-0.98342962371225,0.3573902468215453,1.0
0.3722384964622778,-0.08384607503169605,-1.0
-0.24833135480922341,-0.82749190285035,1.0
-0.760297568540715,-0.3024679732562885,1.0
0.05302875647676042,-0.8617813353297259,-1.0
0.20792694562766934,0.2192455780471938,1.0
-0.6140064010256949,0.31368897871652823,1.0
-0.15607834019676137,-0.28678582629515303,-1.0
-0.5577414215718135,-0.6509179078618939,-1.0
0.8019309715644116,-0.001479687999228485,-1.0
0.7723436840447013,0.687103654513233,1.0
-0.41224043688385725,0.7719899950491089,1.0
-0.7763575330230559,-0.006694506644949305,1.0
0.8457315856611567,-0.8210493232280391,-1.0
-0.25115404530742924,-0.39572511303034696,-1.0
0.7477342913848197,0.7442171423598316,1.0
-0.5062498261255217,-0.7300235051972483,-1.0
-0.2209341378498253,-0.9410444230588364,-1.0
-0.22613833168609143,-0.567705637555866,-1.0
-0.7519022812853977,0.09846875968748403,-1.0
0.47041321494793786,-0.20710956742419206,1.0
0.5568807122521187,0.32760134793251905,1.0
0.5803918375466546,0.14296785100522902,1.0
0.09973337837562246,0.4838800686045843,1.0
-0.09905831738158954,-0.5883844136360774,-1.0
-0.1622921045742447,-0.35870780893184206,-1.0
-0.09568938441674901,0.5038430273854371,1.0
0.011311742814882564,0.2792452442769482,1.0
-0.6320813703653692,-0.9419133816430152,-1.0
0.27072994226756975,-0.5014948266360413,-1.0
0.057404710139249415,0.3744806606300801,1.0
-0.6593454028490964,0.20394002947945178,1.0
0.056489307114216736,-0.7724403304843872,-1.0
-0.8411429419741556,-0.9907818866169185,-1.0
-0.6229527372747841,-0.2921522227730877,1.0
-0.650207055761832,0.468716399201734,1.0
0.24401013765905466,-0.19093479899749122,-1.0
-0.7889293848764265,-0.34056123780066283,1.0
-0.09943959083291909,-0.19621732226541733,1.0
0.8758779302905411,-0.6575888655456856,-1.0
0.10329250953124736,0.4795569900678549,-1.0
0.16142251139812358,-0.9639310246470636,-1.0
-0.09790438495981313,-0.9507616670473531,1.0
0.2382215667926717,-0.21555720793548727,-1.0
0.6132944132655593,-0.027290132678474466,-1.0
-0.488793022540273,0.7044702117238593,1.0
0.10312555437431636,-0.9555922482656019,-1.0
-0.016698153246082592,-0.08301020418520455,-1.0
0.09998066674401285,-0.47058764063765746,-1.0
-0.19159191464763858,0.6215587893765309,1.0
0.15094705663908958,0.13450027106343132,1.0
-0.3915579280586934,0.5594752658671998,1.0
-0.5209801811726029,-0.6553049798539836,-1.0
0.472302965618534,-0.5339214718351364,-1.0
-0.11429556497903692,0.19053310723081163,1.0
0.877007079779879,0.22711222996383973,-1.0
-0.49812373284384903,0.8665749480808966,1.0
0.17316854456188802,-0.014100238704398693,-1.0
-0.2514060997001022,0.4385172298874478,1.0
-0.1003748327182512,0.42276122977318664,1.0
0.06016283690819191,-0.6308509380404768,-1.0
-0.5354497200739983,-0.3954042679613059,1.0
0.9340138990472768,-0.45952076064305536,-1.0
0.9219722313783121,0.9412233616861592,-1.0
-0.08360816160565432,0.8172019444289824,1.0
0.11815349212010617,-0.14872604670806022,1.0
-0.7300291345915191,0.5554752508014702,-1.0
-0.21278323293535206,-0.5097491204717519,-1.0
0.49492537082832877,-0.15545375289398233,1.0
-0.18110870676954516,0.9520174510392143,1.0
-0.2669441252066107,0.9346465257778684,1.0
-0.9428000488568671,0.34373099058014,-1.0
0.006792519636615868,-0.44501533154008954,-1.0
0.8549772245027103,0.8280987142629506,1.0
-0.7657783976353609,-0.9752855686528188,-1.0
0.06809914321484345,-0.9603201141475011,-1.0
-0.7611259035329916,0.5093719587109422,-1.0
0.5915836101658714,-0.8488679390393772,1.0
0.5209086566192225,-0.04185294427769892,1.0
-0.012405424951044797,0.42565965849144694,1.0
0.10345568377540726,0.5784614709466462,1.0
-0.42436052164405824,-0.7621675457774368,-1.0
0.3168384370237294,-0.637832513362466,-1.0
-0.8796476590322782,0.6752992663355231,-1.0
0.7822923936631279,-0.16731754898426643,1.0
-0.7025065111368751,0.4314700567546179,-1.0
0.26803970335272,-0.1582998015457706,1.0
0.9874055662292365,-0.9611698611432209,1.0
-0.840404975275393,0.811524133526637,-1.0
-0.773576847153745,0.3231521319752624,-1.0
-0.7692788901685146,0.032643683688322156,-1.0
-0.7135675539736694,-0.769167995474414,-1.0
0.477520001006412,0.5145450806028924,1.0
0.8962819205602646,0.5868743090900579,1.0
-0.242108350819072,0.9932930016252162,1.0
-0.3467431355980015,-0.26726359666902844,1.0
-0.21610670163058265,-0.4027375164734637,1.0
0.21545360320561313,0.7080068060398754,-1.0
-0.7416874186153171,0.8283979521449139,1.0
0.5246486412370766,-0.2643307046383212,-1.0
0.9530836935612246,0.6797879418133901,-1.0
0.9670194859913408,0.29636539990140154,-1.0
-0.11896489741766447,-0.6786173423586719,1.0
0.7975934055409282,-0.6943221977156653,-1.0
0.7716879343572955,0.05969682792496478,1.0
0.10921614125924428,-0.7305947396481509,1.0
-0.24100530034667655,-0.46700872224550305,1.0
-0.043725859476251294,0.4872874492499777,-1.0
0.8197128869689636,0.9099090778369574,-1.0
0.06593047181095346,0.5851111717057305,-1.0
0.9238582245438907,-0.34187679370824875,1.0
-0.8898289049572847,0.7904268762880811,-1.0
0.9251018012826038,-0.7910989598292992,1.0
0.2798605734706703,-0.3629215117267879,1.0
0.051575974360011934,-0.9478323685138701,-1.0
-0.28824868321325603,0.4715736906810877,-1.0
0.0632131640695568,0.41331529182130033,1.0
0.5586457045288511,0.6939415349632803,1.0
-0.25542706998322173,-0.446832038113508,-1.0
-0.22847736312058475,-0.2160233416046884,-1.0
0.2443925849648665,-0.7079129875045753,-1.0
-0.24192601515640044,0.11430249208904586,-1.0
-0.7401544117820209,0.247316312662893,-1.0
0.7116560259288256,-0.8963827591933353,1.0
0.7871031298479219,-0.11518956360135002,1.0
0.8404229949043904,0.9011505526992856,-1.0
-0.3332729843067379,0.3243625912218011,-1.0
0.20290300313883347,-0.7342958726214384,1.0
-0.2282002821875726,-0.32318924406597094,1.0
0.7632042224483822,0.19990270404869692,-1.0
-0.8672234812129289,0.3758520300423971,-1.0
-0.9656673009347274,-0.528015320825556,1.0
-0.31624572084725444,-0.079348986820994,1.0
-0.1760561132360141,-0.6007536537184495,1.0
-0.7850196092096833,-0.6616642255269898,1.0
0.3351007542555433,-0.4706280275418,1.0
-0.49930237312492354,-0.10686456519183252,-1.0
-0.11606182906365503,0.8944141651443829,-1.0
-0.5631004789422607,-0.8680715837968758,1.0
0.6367116601958269,-0.6661432390188848,1.0
-0.2882082641236101,-0.4076116295383714,1.0
0.9193950011449747,-0.1270227436389706,1.0
-0.32756795282041096,0.697963214564622,-1.0
-0.3909083619242073,0.05526628595036032,-1.0
-0.24991984861832717,-0.9512456955138369,-1.0
-0.5731077409276113,0.7070227999715633,1.0
0.4039964399451974,0.2641353492452736,1.0
0.12399559215105316,-0.15887084803700002,-1.0
0.43645668681926275,-0.11295905588274802,-1.0
-0.8014752974006565,0.7375939536912501,1.0
-0.8203031928368489,0.1620386984146731,1.0
-0.34328178919542274,0.9109816350318363,1.0
-0.09607858618093101,0.004195133772947335,1.0
0.7006231078628955,-0.31072250786407607,-1.0
-0.2960924373119529,-0.16898750807368068,-1.0
-0.5860048446382446,0.1622530306066079,-1.0
0.9894781935442047,0.49305277865936903,1.0
-0.3732885371182115,-0.808896618079866,1.0
0.5449696120084693,-0.28836864575141297,1.0
-0.8912534940903818,-0.7638032808817707,-1.0
-0.604374834215534,-0.9831658976327982,1.0
-0.25275119444246896,0.45795135699690803,-1.0
0.7391333010193968,-0.2437698291268402,1.0
-0.14958701195801938,0.3611107248616432,-1.0
0.5208643746427122,0.1667472384641857,1.0
0.0735244194511342,-0.5860422035268336,-1.0
0.16366564802323214,0.5786096649926933,1.0
-0.5675070146240857,-0.8050775642885257,-1.0
0.6973496291730099,-0.1302210981945171,1.0
-0.5656591925789729,0.4295853832169847,-1.0
-0.3086909078427973,0.9601932891070197,1.0
-0.2561195951162514,0.759939254259034,1.0
0.9247108715911787,-0.9183183674808066,1.0
0.5314237594981557,0.5306713253278028,1.0
-0.7283167925062883,0.37212994832429747,1.0
0.20647280204589835,0.25171455791092856,-1.0
0.9425746361331309,0.021455415704243253,-1.0
-0.7792731143125093,-0.0666953051246193,1.0
0.07397402217876481,-0.7354780728728245,-1.0
0.38186237959289215,0.44833712685547966,-1.0
0.5684454164527657,0.23278833968939794,-1.0
-0.7231814073273466,0.6954118557733859,1.0
0.531089843093955,0.5610920475479453,-1.0
-0.8452141554491266,-0.022191710541197063,1.0
-0.9328717057788947,-0.6700430441283831,1.0
0.2066474533481646,-0.10560941876942476,-1.0
0.8746325190921684,-0.952314797257318,-1.0
-0.37263049847649343,-0.0943844418080293,1.0
0.17086879432315394,-0.2000149283087076,-1.0
0.42083997602307455,-0.8139814638785705,1.0
0.647135835593621,-0.9684644656374091,-1.0
-0.20733752029082475,-0.05560376506587428,1.0
0.3669623202876364,0.437575548360543,-1.0
0.26360673865536643,0.769225267100919,-1.0
-0.10290195423818571,-0.8570989862090017,-1.0
0.23995519333224258,0.5074053815771611,1.0
-0.6713642292585513,0.47995827564213944,-1.0
-0.0472457232282113,-0.14214916944658817,-1.0
0.209852075903318,-0.46912628499386,1.0
-0.37587207057482575,-0.3268393908486529,-1.0
-0.8109650445444854,0.009566307316259959,-1.0
0.4310611061019829,-0.11054690025607261,1.0
0.25697058570406806,0.6463414098493436,1.0
0.8035584308709935,0.5631926501761375,1.0
-0.23273880649514922,0.19502308746110497,-1.0
-0.0744632804157932,-0.04060655161370863,-1.0
0.39971446763877494,0.5316676068297959,1.0
-0.7023708687599706,0.6769074009086509,-1.0
0.4780422546717431,0.4660481246775485,1.0
0.2791647020252519,0.3285027195076542,1.0
0.5087550565598087,0.2406222396651383,1.0
-0.22706781804866938,-0.858686356426513,-1.0
-0.5333024003087867,0.8181614212834263,-1.0
0.021558863454089527,0.4951369821246252,1.0
-0.6247702557742989,-0.8729473963048007,1.0
0.9714183133903778,0.4373200425210737,1.0
-0.35876583975666354,-0.663333623218578,1.0
0.3783177694360451,-0.21423359407194686,1.0
-0.7395228505461833,0.1323322886991034,-1.0
-0.6896872939266661,-0.3476522341538215,-1.0
0.6554944166608352,-0.14311429619525695,1.0
0.46988572143198226,0.16828942415145232,1.0
-0.4115169756131576,-0.5696998707185179,1.0
0.7924536967990856,-0.9524779729618371,1.0
0.4724698857148699,0.2736176287276444,-1.0
0.293355933260244,0.32577139370388686,-1.0
-0.2455448507928475,-0.907261609043817,1.0
-0.516140210403597,0.3923358900770102,-1.0
0.6554990359169015,-0.2956479169267119,-1.0
-0.13944625888336826,0.1075057921016287,-1.0
0.3315488807525091,-0.7677262992788163,1.0
-0.7132837253269668,0.9397799453210813,-1.0
-0.2161188657057489,-0.44145856071440526,1.0
-0.3915893436159006,0.44678147979450933,-1.0
-0.6613475189494147,0.24768362005223077,-1.0
-0.13872873278972486,0.06917898389454025,-1.0
0.3641047024203068,-0.6523886062866093,1.0
-0.9963997609205464,-0.6269100984260623,1.0
0.1084617843854696,0.7740627945418526,-1.0
0.1761860809035285,0.6894736832057142,-1.0
0.9869856857275361,0.8536292233243374,-1.0
-0.8858269619664076,0.5404572950103341,-1.0
0.31555096174638475,0.8721262877538243,-1.0
0.17944851945496532,0.5034505815648447,-1.0
0.8379832056683665,-0.7833237374258986,1.0
-0.7560866391685352,0.9007147425047597,-1.0
-0.7995357910104384,-0.8552910634619804,-1.0
-0.7696228530314155,0.2468261866621233,-1.0
0.9430554437016239,-0.007232263254360882,1.0
0.27039895327296715,0.8831754076406906,1.0
0.7272403909651712,0.6037221703892941,1.0
0.22399741426093978,-0.25336462757457223,1.0
-0.5211402448070552,0.9949282121700702,-1.0
0.5424637729841366,-0.19876660086275333,1.0
0.027381109100156564,-0.13897576242053566,-1.0
-0.7923372687653407,-0.29094542685794567,1.0
-0.035635384126846636,-0.7421515798407374,-1.0
0.9337196805849224,0.051301152026906216,-1.0
0.13528235815343193,-0.008414144526037948,-1.0
-0.9827754197733316,-0.10750710507913652,1.0
0.11013804379149472,0.23749426372949745,1.0
0.6826671169807015,-0.4194099618541738,-1.0
-0.28514919882935175,-0.8681015663149414,-1.0
-0.46275968859004446,-0.22648718436972626,1.0
-0.2191824685244208,0.8036135528324218,-1.0
-0.9045908178736044,-0.21125708603765303,-1.0
-0.7689356431001027,0.44621995920506485,-1.0
0.024646421421304243,-0.4552429873544537,1.0
0.19538068759183047,0.07470764368917071,1.0
0.10650685736523391,0.6006447980797229,-1.0
0.8559093114101133,0.22510537968782685,1.0
0.8297123818429726,0.433288829445422,1.0
0.3896540245492721,-0.8295268708512584,1.0
0.9503757189787088,0.7939258261847371,1.0
0.5890964820040567,-0.6073656843138322,-1.0
-0.3707315514552163,-0.07408519644303557,-1.0
0.12403583078306002,0.42210608401614147,1.0
-0.5058303952735459,0.21962111705438048,-1.0
0.6286868060878421,0.1669852127135394,1.0
-0.030886054427484932,0.25490607846447166,1.0
-0.8657989079592474,0.870529190992227,1.0
0.44639005003559373,0.43771936859723004,1.0
-0.12644049663597134,0.9057262792006147,1.0
-0.03904963695726793,-0.19526951030746864,-1.0
0.9302634220992403,0.6786675977930416,-1.0
0.7092012895196989,-0.45166228914909246,-1.0
0.8752194568650382,-0.36735412878601403,-1.0
0.20615030824922043,-0.07554169275172029,-1.0
0.43309237022862934,0.7878963217263779,-1.0
-0.27461869151337615,0.17278039055402683,1.0
0.11515295344193177,-0.09029774676979896,-1.0
0.4094634630834264,-0.459479679240937,-1.0
0.7317672101885688,0.9243283967171767,-1.0
-0.12481759039685403,-0.6170131122762692,1.0
-0.4565658048707286,0.7730246036064938,1.0
-0.31060664784847325,-0.03581372046603226,1.0
0.020476841827599124,0.8372336586736642,1.0
0.6043112210434287,0.5152092963760813,-1.0
-0.6785588237710893,-0.2672889041595692,1.0
-0.2121501821073879,0.6858899073841827,1.0
0.9624537822536892,-0.3169548087431018,-1.0
-0.4556130968891201,0.4138472997698337,1.0
0.4299368259079783,-0.047839378354387785,-1.0
0.06834133155202204,0.24828865528857413,-1.0
0.4263004541173385,0.3611871989904589,-1.0
0.9632338200181274,0.6817472145702244,-1.0
0.29487596640477687,-0.733686402395032,-1.0
-0.5501799445438385,-0.9639555427628488,-1.0
-0.039024566054032706,0.8407108197840603,1.0
0.3228879428890712,-0.5794452769377316,-1.0
-0.6591063905069532,0.8410071962919123,1.0
0.08987986935279779,-0.11081924085442174,-1.0
-0.8638186527990761,0.3736705627776753,1.0
-0.8614058400797182,-0.31828246537169225,1.0
-0.7867718418866998,-0.3104175150344901,1.0
-0.15957586486170316,-0.7289164819858918,-1.0
0.797616479225955,0.0372144708928559,-1.0
0.5667909642736679,-0.8501079073017606,-1.0
0.15582330088014285,-0.181327523323511,-1.0
0.1333735542518919,0.7269362634588434,1.0
0.9467916305398991,-0.7656273519696226,-1.0
-0.05450817944973996,-0.9931050680943636,-1.0
0.18460729059214143,-0.1563619847634239,-1.0
-0.030368991256064737,0.2519481992707211,1.0
-0.30347534748399996,0.4087608027375196,-1.0
-0.37405364306635236,0.22923324107978726,-1.0
0.9696784425558564,0.42993747349383926,1.0
0.38381064968943157,-0.7819876668918953,1.0
-0.381304443302102,0.5823929429868546,-1.0
0.38543923053334805,-0.6231773544365631,1.0
0.9762265454572017,0.17522870846494865,1.0
-0.5468003924815124,0.9760483423785276,-1.0
-0.43129255089864027,0.13469800279018918,-1.0
0.38435287788541195,-0.7304000389645395,1.0
0.4572076411757706,0.42896883064527347,-1.0
0.671672371789211,-0.8154116607146318,-1.0
-0.5814026664052792,-0.1130884517317785,1.0
-0.6825701405994962,-0.7787669096677889,1.0
-0.2567778727120178,-0.4248982235683312,1.0
0.9068328465439779,-0.9289929923600775,-1.0
0.5136811101428136,-0.2207328809484197,-1.0
0.8752408545872334,0.8639176563937123,-1.0
-0.28147627339942294,0.6806429853014393,-1.0
-0.8656427226546319,-0.029654006605107863,1.0
-0.9779495357227872,0.7960714931200052,-1.0
-0.7216499602512518,0.2816086055944853,-1.0
-0.40488180130423834,-0.21481312940768849,-1.0
-0.43672520350359023,-0.853932228989972,-1.0
0.6272347927146489,-0.9929455153350726,1.0
0.4919602036380266,-0.24767869784373175,1.0
-0.5777222149137848,-0.3935588109332553,-1.0
0.13347223839281908,0.23777804285018922,1.0
-0.37938000443410513,0.41228706528613324,-1.0
-0.8487586275443535,0.6484809314850815,-1.0
0.9462358036302883,-0.7885258992107171,-1.0
0.7025209171792355,0.7599675303066804,-1.0
-0.22982816836219944,-0.5920007357644526,1.0
-0.3055361482075456,-0.5310757226014167,1.0
0.3891398643461439,0.703269390258134,-1.0
0.7635187751637253,-0.19425892094143848,-1.0
0.05761907767020702,-0.7827759707680857,1.0
0.002339002942862045,-0.9246847794492539,1.0
-0.5117225891240742,-0.9544141715190149,1.0
0.5174326944159868,0.19974463965728262,-1.0
-0.8029305589324294,0.19651343776938912,-1.0
0.12462040183808853,-0.19257501396361754,1.0
-0.40082471403866826,0.6019472151600262,-1.0
-0.4960182495773626,0.2502028099286624,-1.0
0.23805470063043943,-0.4028770473021519,1.0
-0.8404394322160604,-0.11389184158889987,-1.0
-0.9083661006627695,0.5054417788293721,-1.0
0.8805459744717394,0.5943690303716729,1.0
-0.5436962876573868,0.12562194617202094,-1.0
-0.80906410132771,-0.057049777996415196,-1.0
-0.8713201054491448,-0.005435572775742248,-1.0
-0.4612528858538605,-0.6231100894774859,-1.0
-0.13152787785436937,-0.664633479476338,-1.0
0.7460021251153188,-0.7528770950880741,-1.0
0.6280599529867092,0.2385638034247577,1.0
0.020668622866279796,0.06226002758437832,1.0
0.3053200200774995,0.4287670261375238,1.0
0.7401628085170804,-0.09600523424679785,1.0
-0.6230663240704915,-0.6535525795941559,-1.0
0.23051966631332044,-0.18626141667836782,-1.0
-0.2118614904403573,-0.2475852504292675,1.0
-0.9262780815008953,0.15754292652210045,1.0
-0.22309892809051868,-0.10977529192865054,1.0
-0.5578209151866464,0.3353280147314537,1.0
-0.5712203530429436,-0.15924675529817645,1.0
0.27417397140237143,-0.08816985189106807,-1.0
-0.3172472713225345,-0.3491448671224444,1.0
-0.6737469807678966,-0.8249360509240726,1.0
-0.3171550844876516,0.984888319702083,1.0
0.5572617988001269,0.2732694839380043,-1.0
0.04962607252823492,0.4838009170918114,-1.0
0.06224647447703324,0.528660674785838,-1.0
0.8894192346986391,-0.6030551519266731,-1.0
0.03438374479272577,-0.29189581825913335,1.0
-0.37858871566658836,-0.17799422309439805,1.0
0.9921580773977599,-0.09575553116371527,-1.0
0.01454111829257032,0.1041949921752654,-1.0
0.845503834100956,0.7575283978101397,-1.0
0.9115951114346688,0.9804047547691876,-1.0
0.9004978054707253,0.6751603531691182,-1.0
-0.011572258667144064,0.962581233844201,1.0
0.7431874036827357,0.9233388091249459,-1.0
0.1499688161507895,0.42324471524602636,1.0
0.7320733129756625,0.8950126400671228,-1.0
-0.9386675246771494,-0.7567183444539167,1.0
-0.8848014243294509,0.9149322060882308,1.0
-0.8065600732724816,-0.6017960310967683,1.0
0.5223343058481982,0.4828400335620495,-1.0
0.12025232857803347,0.04958538656151079,-1.0
-0.2817897367480908,0.687196088085354,1.0
0.03711022555741339,0.5284059795147122,-1.0
0.056354320225373566,-0.35440407810167995,-1.0
0.137977094632715,-0.16167717419583383,-1.0
0.0002351855504807432,0.3588367843366149,-1.0
0.5092095680544695,-0.17620700538504686,-1.0
-0.6957270342826776,-0.3753600066248439,1.0
-0.5137293360903146,-0.477940647999902,1.0
0.7699828412947303,0.7739441490457319,-1.0
0.32467445702652786,0.6419989290092243,-1.0
-0.30484190980598935,-0.3907238480512589,1.0
-0.2726896803513279,-0.6508476529392397,-1.0
-0.2419800271182866,0.7364697860198102,-1.0
0.7062605554643857,-0.843417086915516,1.0
-0.6850805975523522,-0.24247807491851403,-1.0
0.9519101979591185,0.32759657327512803,1.0
0.06433519863218717,-0.22375853559171222,1.0
-0.14913565467919554,-0.3213004689938801,-1.0
0.7863330942254396,-0.0801707030972949,1.0
0.9742573938844905,0.8878912073958285,1.0
-0.09634830778033465,-0.8064657443137195,-1.0
-0.5451467277785025,0.839282105180269,1.0
0.25986487875963493,-0.8176551416266704,-1.0
0.38166431855607175,-0.6392613454102294,-1.0
-0.08222138466740025,-0.07470585764518423,-1.0
-0.891756651123117,0.6430268322006008,-1.0
-0.5290033151025395,0.5715114799376939,-1.0
-0.9748830354309266,-0.08748339343737732,-1.0
0.12577216474637076,-0.5187748227201474,-1.0
-0.432738637470071,0.8881539824913365,1.0
-0.4266723571353068,0.2335085483282877,-1.0
0.9821668386045321,-0.5095583653331084,-1.0
-0.9504364007523072,-0.9623806417413141,1.0
-0.5907873667278585,-0.6315510668098927,1.0
-0.5328588080837449,-0.9045808673297744,1.0
-0.5375584837653831,-0.21815826080151535,1.0
-0.05029807157940103,0.5502426023961076,-1.0
0.7342234485432537,-0.37719514331539217,-1.0
0.4431698401910149,0.9816292104344702,-1.0
0.2379345660714085,-0.3833712814288426,1.0
0.5081356001182551,-0.38570122782993566,-1.0
0.3483257806596034,-0.6250268809456856,1.0
0.5027760702238331,0.24252535650783136,1.0
0.8971416855983703,0.058639122478174155,1.0
-0.052176729338490935,0.11912139720253001,-1.0
0.49148980620944727,0.844656731747857,1.0
0.5977181434360288,0.9738558609330288,1.0
-0.4108407349741452,0.8607359454481553,-1.0
0.05059943584645166,-0.6942003703416031,1.0
-0.7381842604508873,-0.43788243876397104,-1.0
-0.18362408745838232,0.725996927015466,-1.0
-0.4249749218475418,0.1406147157329789,-1.0
0.7488092279981324,-0.14823275887084586,1.0
-0.9775712858368262,0.9552767022740081,-1.0
0.10544575117620436,-0.21823400197182807,1.0
0.9459131703337191,-0.7242863469040446,1.0
0.25567211376946863,0.48185967563283016,1.0
0.162145872299984,0.7103588808512662,-1.0
0.2471067960586213,0.10170732535527294,1.0
-0.4666139809812335,0.8831936035855086,-1.0
-0.9332841263769247,-0.2537740826400412,-1.0
0.1343321650051188,-0.9404993840565479,-1.0
-0.8772132751147124,-0.748435965819277,1.0
0.7242071511550039,-0.8257476473618435,-1.0
-0.39384718157414444,-0.010816022086084898,1.0
0.1582522141402387,-0.8810507421055862,-1.0
-0.6109634676009887,0.6145498823228293,1.0
-0.6786458719184685,-0.5540765352184731,1.0
-0.09796589916821996,-0.042057888876970484,1.0
-0.8156275232029966,-0.733767262843394,1.0
-0.14320808043807998,0.5860506974041655,1.0
-0.7389214796741408,0.6691290177349658,1.0
0.16006352125067225,-0.26068930962250403,-1.0
0.23032255438234928,-0.5991246328249986,-1.0
0.3495422906055763,0.29016393239282734,1.0
0.5472089306309744,0.27132505702423715,1.0
0.8254169041172448,0.12466016833970484,1.0
0.35518148594466714,-0.08551077261061657,1.0
-0.13007016781780867,0.81638158887064,1.0
-0.9336569163458439,0.26008227557278873,-1.0
-0.9072756853644375,0.8745199527119645,1.0
0.3585363556815837,-0.6700561229404378,1.0
0.06590487085805541,-0.9531220259751203,1.0
0.2708439715344799,0.9633054443813236,-1.0
-0.5657469115382581,0.08654136832807846,-1.0
-0.8232508626591535,-0.3576740474020885,-1.0
-0.7129607247307181,-0.2924101152828753,-1.0
0.3252790325987762,0.3027154523082607,-1.0
-0.024086848516849724,0.5647898266979645,-1.0
-0.6470199127351055,0.31410264215500217,-1.0
0.474097495373776,0.693732179442416,-1.0
0.6525335174982887,-0.70833960314689,1.0
0.864377416377871,0.23798655277323189,1.0
0.4584521898887386,-0.6595095806890419,-1.0
-0.25516368619247576,0.49134142931396685,1.0
0.20161542726287873,0.07212516116650058,1.0
0.09785371866503745,0.5696889053092196,1.0
0.020638919244541976,-0.05445299387673774,-1.0
0.7333828652879968,0.1602602008840781,1.0
0.08746397813978457,-0.69674252611693,-1.0
0.7163815866483314,-0.8203141712398032,1.0
-0.4885975606071431,0.07849775502191947,-1.0
-0.1689112806560351,-0.3728231937037312,-1.0
-0.04615469015379481,0.08810305063341306,-1.0
0.5795099167297675,-0.3326685517465755,1.0
-0.5480790587350948,-0.02662806940021034,-1.0
0.7141735741942707,-0.8146044182674002,1.0
0.8628125859918394,0.410578576116432,1.0
0.6311860817847619,0.3890698346668864,1.0
0.724564330510223,-0.5533722306819973,1.0
-0.3056371112258711,0.9826734890393569,-1.0
0.5761197510072236,-0.7861293894556447,1.0
-0.7774072966879333,0.6039352155440072,-1.0
-0.938950512045527,-0.9454888240230503,1.0
0.9256661072643635,0.5196744718425281,-1.0
-0.3109540140105518,-0.6333746469769301,1.0
-0.36194154191359296,-0.8853289517530076,1.0
-0.7065107106585828,-0.1386529860210708,1.0
-0.9813000825541418,-0.2640108531505947,1.0
0.43495080549530285,0.18784227965207068,-1.0
-0.4065819765232226,0.0043055174512289796,1.0
0.16817583981481254,-0.15459133315941287,-1.0
0.8402768400175453,-0.6797647328080838,-1.0
-0.6859485073432907,-0.2955131177679984,1.0
0.028115581789275534,-0.7108285470223688,1.0
-0.7204155540893411,-0.18337287799127822,1.0
0.9487296238815588,0.11626425273543184,-1.0
-0.395246562865216,-0.48290853723984806,1.0
-0.8731753911215745,-0.7672522851370416,1.0
0.6578557938390595,-0.540696322903985,-1.0
-0.8534422489876585,0.9488642359513844,1.0
0.5888773203153657,0.95163939260581,1.0
0.08116435159999558,0.2274054332234623,1.0
-0.06740229226841987,-0.03601641752317786,-1.0
-0.6909231937192899,0.18455770726438891,-1.0
0.3966308994048746,0.0870399638477175,1.0
-0.5235029234611623,-0.15715375999857106,-1.0
-0.05580683879146475,0.483518288290369,1.0
0.7200352374514378,0.19703113935450056,1.0
-0.38785145176806135,0.9400702240012655,1.0
-0.5456828493951673,-0.9848786985755842,-1.0
0.48142846047348087,0.005185542847958802,1.0
0.4881000023057245,0.5688921868237804,1.0
0.6022432523920718,-0.09343715295966093,1.0
0.9661690436623702,0.9296015063079239,1.0
-0.8790816571972124,-0.08448602134783112,-1.0
-0.9241171336853258,0.8557983348165414,-1.0
-0.3228910448840241,0.8594169476841262,1.0
-0.9320116943174548,0.6094813779283772,-1.0
-0.20804183857631453,-0.4133344048073446,-1.0
-0.8603906970506878,0.1726507626777274,-1.0
-0.3460741516003012,-0.6185135957710439,-1.0
-0.26807071557394635,-0.3367097729240378,-1.0
-0.3225495501738007,0.1555452590152533,-1.0
0.857130789244041,-0.07757910932566214,1.0
0.29884132206697633,0.13638929927016763,1.0
0.24033057485587173,0.687960838720856,1.0
0.34792599010656367,-0.6888377236829024,1.0
-0.5257731948638587,0.26413822559091815,-1.0
0.8256836416110782,-0.5832652609759086,1.0
0.12308789649281238,0.9098501973395132,1.0
-0.999141407823841,0.07156951444055593,1.0
0.004042104968573934,0.9226897078696947,1.0
0.011672110623442533,0.1522670833596249,1.0
0.027209652360973502,-0.8179559349538121,-1.0
0.5864525532213514,-0.5713553636144533,-1.0
0.31815593644174256,-0.5584516289351886,-1.0
-0.919702042511076,-0.9853550352456975,-1.0
-0.2517005236429526,-0.0737881765203845,1.0
-0.26322720939988464,-0.6698318021782881,-1.0
0.5458714893108714,-0.0845680676540912,-1.0
-0.317551169036592,-0.0015025707879190442,-1.0
0.029655605011964736,-0.27283093409305303,1.0
0.8439326490676131,0.5096902840909063,1.0
0.1813317492007671,0.2417990644407748,-1.0
-0.8708359415506626,0.1837729780308126,-1.0
-0.18866964549313225,-0.5978761555955894,1.0
0.8017430819332296,0.2969293101588304,1.0
-0.39814616032149375,-0.42147941453572635,1.0
-0.09134937275537758,-0.0931569184829164,1.0
-0.7556837140556563,0.2825014192119384,-1.0
-0.3167269507845518,0.9386890836904003,-1.0
-0.7310163223661774,-0.2068059620777396,-1.0
0.1677513500067218,-0.1733737001862512,1.0
-0.7318839369031855,0.4558444635186887,-1.0
-0.7452044261187105,-0.047265094521566464,-1.0
0.5439443106783741,-0.8014897884484147,1.0
-0.8339073748853003,-0.2433954269775911,-1.0
-0.07428392838232378,0.7261626021630574,-1.0
0.4096783200290508,-0.7968499058046858,1.0
-0.018196441933082008,0.7706975841379093,-1.0
0.22703838126941567,0.08540001827926025,-1.0
-0.27058856104803697,-0.9274549990557899,1.0
0.7974698544390202,-0.6591537817214064,-1.0
0.3369701260546374,0.05887661281112444,-1.0
0.5246815236675799,0.6119005645843016,-1.0
0.2913268285335606,0.5671237367868096,-1.0
0.6636032884453171,-0.675376646525153,-1.0
-0.3681797401173028,0.9483998082202696,-1.0
-0.8268248617562912,0.7427431354158132,1.0
0.503905848886862,0.0541925977709532,-1.0
0.8903346835718748,-0.8218839233650843,1.0
-0.6486300647911871,0.36404729619936305,-1.0
0.7573506250316742,-0.7132061963909611,1.0
-0.41909191853749395,0.2377227639054844,-1.0
0.24370598542974897,-0.5552073631611387,1.0
-0.9277973476136785,-0.25985615928839434,1.0
0.411348888039174,0.45634723806888866,-1.0
-0.9022435241941333,0.754750171349744,-1.0
0.11036940995281208,-0.13778671392274155,1.0
0.013653588302122488,0.2405747535110634,-1.0
0.8842721247234635,-0.8269077526911559,-1.0
-0.2520948372509,-0.33145848086266483,-1.0
-0.5005359670254261,-0.8555087911414265,-1.0
0.5619489160695552,-0.33113998237938835,-1.0
0.4852563039477158,-0.9463940643814996,-1.0
-0.8420259557991896,-0.439696227841726,1.0
0.77772435367361,-0.10892898247302751,-1.0
0.8018530506548387,0.661047459593403,-1.0
-0.5102496564302077,-0.35804550779817634,1.0
0.5026687263288536,-0.085338569676781,-1.0
0.8233209214325286,-0.09809083202598812,1.0
-0.4487053489183135,-0.8746724036441655,-1.0
0.9892540637436236,-0.7734439830708955,-1.0
-0.6494998167596147,-0.7502154189326173,-1.0
0.10223288424441046,0.509895493006151,1.0
0.22731476965325914,-0.14635691764829728,-1.0
0.3017793392524437,-0.46595481823931384,-1.0
0.3952539617475588,0.13992263283469653,1.0
-0.19045420954979186,-0.43565075777298334,-1.0
0.8455318483717913,-0.16960867604518381,1.0
0.25590711589528636,0.2231775878926694,1.0
-0.5993544597671598,-0.4947670601104144,-1.0
0.9240414581361385,0.08070122358989917,1.0
-0.019921279005673087,-0.14800235795055094,-1.0
-0.15151155127968652,-0.5952964782680112,-1.0
0.4388204631649406,-0.6065480686839295,-1.0
0.3049165076315836,0.7574535138254586,1.0
-0.13207860655239867,0.7605189632456679,1.0
-0.8662776111578177,-0.7073390813430249,-1.0
0.25425042567288814,-0.43368146860068424,-1.0
-0.5170153766112511,0.7430799439169629,1.0
0.8344269892646572,0.733568740051463,1.0
0.43561295612521755,-0.8879801801634024,-1.0
0.7157695916942619,0.3750882620477314,1.0
-0.1119891056562401,-0.20986677972500734,-1.0
-0.7825032164743364,0.7523182318825288,1.0
0.07569363537176277,-0.8886114765426782,-1.0
0.6501933795129464,-0.6859971554629274,-1.0
0.1103040922411076,-0.280120519869985,-1.0
0.31028151072168897,0.26138543340966214,1.0
-0.9406234193384546,-0.20979440398754567,1.0
0.9764021590877769,-0.525753834670927,-1.0
-0.5414664301988821,0.4969980580482378,1.0
0.5530126028273266,-0.8758164796322139,-1.0
-0.7708954250988955,0.7379696360868595,1.0
-0.29460685764095995,-0.818581310627027,1.0
-0.8075012598912186,0.8646889837247547,1.0
-0.4781124074116374,0.6672568870315694,1.0
-0.8037136070685182,0.7829285564764679,1.0
-0.9231456708583694,0.9156143500310385,1.0
0.17604188046324842,-0.13131523479005525,1.0
0.5726067950306113,0.8912894460436818,-1.0
-0.9015391508156381,-0.9080536040993124,1.0
-0.28795910487995346,-0.6540459350929109,1.0
-0.5303616480957862,-0.7208225452804373,1.0
-0.3439058454729882,0.26751469156726637,-1.0
-0.597167835231496,-0.6274917223637015,1.0
0.7388204678572008,-0.3416496542871168,1.0
-0.8815087133632404,-0.14222149879130153,-1.0
0.43609741231662036,0.9231929655631426,-1.0
-0.013347390248327429,0.7005847814543291,1.0
0.35554237891327944,0.4849309838328164,1.0
0.2697022057913552,-0.24915769997445758,-1.0
-0.8914020192706575,-0.8269368497141611,-1.0
-0.20154682885799935,-0.32148864663052357,-1.0
-0.03665393202470413,0.3022129996020233,1.0
0.12412162218767908,-0.7790723735768805,-1.0
-0.9793257546527747,0.5992043092743611,1.0
0.8809509217217584,0.5979885790279813,1.0
0.23683999327520677,-0.3927155066779875,-1.0
0.1552720324891126,0.7529358831592565,-1.0
-0.3986676786701122,0.8386062607017561,-1.0
0.1208622051384749,-0.9581900178601555,1.0
0.9993638892521954,-0.5401113347094801,-1.0
0.5719141715001832,0.5263510291365476,-1.0
-0.0504569970907367,-0.17147375416931254,1.0
-0.07080230379882102,0.7760783801786262,-1.0
-0.6332602107230638,-0.4950232771506673,1.0
-0.4956620481435938,0.14522758191556173,1.0
0.6130688004798139,-0.3433371747754177,-1.0
-0.5322683127860519,0.8588783949865517,-1.0
-0.3320403322306744,-0.8323143504291848,1.0
0.6970691176439969,-0.847754493325495,-1.0
-0.32330340471782715,-0.4785869190421397,1.0
-0.8922836604375413,0.025043707611726473,1.0
0.5703328367814839,-0.8859234995410701,1.0
-0.3000347065254547,0.5072940541122946,-1.0
-0.46249194284679906,0.788059182453823,-1.0
0.6568311028282829,-0.8347419375429388,-1.0
-0.7073172515308486,-0.3304658324991867,1.0
0.7798303862215785,0.6617861457445444,-1.0
0.06130989128442055,0.9178439126851052,-1.0
0.9399549449447142,0.6227820722738289,-1.0
-0.7685850063794295,-0.48436773334664074,1.0
0.5787933986247304,-0.10234776174402938,1.0
-0.5162810345620368,0.7651395468335103,-1.0
-0.7811538193487684,-0.46089476383006667,1.0
-0.9908717205413116,-0.3387171373981881,1.0
0.6387892895220557,0.5000815937444656,-1.0
-0.5509932654916656,-0.2697185267624682,1.0
-0.803719920180229,-0.7746467192099169,1.0
0.1828213441458153,0.34515822187425416,-1.0
0.9836284026348558,0.9872552749836867,-1.0
-0.5352727049229085,0.6210418595787266,1.0
-0.7392799712907279,-0.13402068898704966,1.0
-0.40250547660454283,0.7059017803478118,1.0
0.1860347866954526,0.041102251397675316,-1.0
-0.6701365422061571,-0.07522399997308882,1.0
-0.327107530590828,-0.6076697633452841,1.0
0.4479210036883958,0.40140979133870136,-1.0
0.6586590635928868,-0.40182523745700616,1.0
0.33956555888921036,-0.3405652239322581,1.0
-0.6956267258466433,-0.40520038790031254,-1.0
-0.004366232617703636,0.8723002524198693,1.0
0.2871735459551783,-0.8505275135819286,-1.0
-0.3906971153975918,0.24880773713034277,-1.0
-0.7541660330194144,-0.7346498611898309,-1.0
0.70927238063264,-0.641020919634395,1.0
-0.8497869857329396,-0.15083935869058362,-1.0
0.1911568353181825,-0.5192240181515699,-1.0
-0.915819400044471,0.44293697470720694,-1.0
0.38337283519417875,0.9036395983499304,1.0
0.5865939450671904,-0.562474468052268,1.0
-0.16908236350618133,-0.36808646981746507,-1.0
0.656822316311535,-0.9910108776948023,-1.0
-0.23583410496334967,0.23087375884197914,-1.0
0.3845673192580772,-0.520499513515639,-1.0
0.3700310779838676,0.3770288016894294,1.0
-0.501936458147936,0.7404653525113347,1.0
-0.09713949821691825,-0.00604393503708911,-1.0
0.5044694609920497,0.19052230203390108,1.0
0.7355351638568743,0.4957865866772351,1.0
-0.9323266531198604,0.7478769143210056,1.0
-0.4514457916301773,-0.047639532195917544,-1.0
0.4730997651475328,-0.3957150825100597,-1.0
0.7500754775560547,-0.10179578739923034,1.0
0.6509566194304233,-0.7811149196511182,-1.0
0.7298148196478151,-0.17335191474762213,1.0
0.3539376682414286,0.47458303454020423,1.0
0.7553850571731304,-0.6510563237214735,-1.0
-0.4103018091630086,-0.7118026871808134,-1.0
0.14362453772749162,0.030935364114058395,1.0
0.43217001728833937,-0.031378212654068705,1.0
-0.3394692741716665,-0.9074842902188185,1.0
0.6915057763250188,-0.8234988769059708,1.0
0.7478553456705568,-0.5920586342439949,1.0
0.22138732579410214,-0.8909503557169267,1.0
-0.6979038834100191,0.521926753914038,-1.0
0.43394377707729426,-0.9034075426911463,1.0
-0.5670488417524804,-0.045971245438902075,-1.0
-0.4314326813022564,-0.2967854819079716,-1.0
-0.4468644648778606,-0.8940041440656601,-1.0
-0.3294879204229486,-0.1429007354320957,-1.0
0.3821278935277346,-0.7526186962563868,-1.0
-0.42490074237668773,-0.11062582565497459,-1.0
-0.9717454604375508,0.1295274136482265,-1.0
0.4551828532072433,0.4964168084947236,1.0
0.2256442988279126,-0.012051171580218956,1.0
-0.12396873372986517,0.9447250572145713,1.0
0.6776235373031574,-0.040480144419652975,1.0
0.7183596976164095,0.16026788154562288,1.0
0.04674797754205828,-0.255757353079044,1.0
0.31714390575385276,0.9253428478393326,1.0
-0.5980897985567102,0.26243893491744896,-1.0
0.20136859502129978,-0.12634415628614581,1.0
-0.41219643722333954,-0.3075140916537924,-1.0
0.35389929804535014,0.6858009842908106,1.0
-0.9599905009387124,0.7618116088613001,-1.0
0.8162884885944479,0.9031346604959536,1.0
0.2328332146590515,-0.7743829558559163,1.0
0.4177620105743478,-0.7487814503243195,-1.0
-0.5443612541035276,-0.10990464522282184,-1.0
-0.12775846059039586,-0.8675497548825957,-1.0
-0.37081797910170233,-0.19742797135832646,-1.0
0.26574592129577335,0.9513663291784893,1.0
-0.10576052975433292,-0.021139519097168602,-1.0
0.3370933168745176,-0.2237896230203269,-1.0
-0.2401963694545659,0.36663204025777474,1.0
-0.9390999553956734,0.005881491092051494,-1.0
-0.08505651424464178,0.4559182252418521,1.0
0.8065541766021527,0.7638969973434031,1.0
-0.35480325737105356,-0.1706528791307962,-1.0
0.634370730135909,-0.9338979681159463,1.0
-0.35102247315522717,0.893767683536902,-1.0
-0.8426653347546915,-0.4928173895039334,-1.0
0.7388896249911654,0.4872575552500005,1.0
0.4067248702405646,-0.5342967977615436,1.0
0.2747486371327903,-0.15223520963015513,1.0
0.7448594543076501,-0.1917755121756659,1.0
0.07699450532149288,0.7505532963411632,1.0
0.6092744792769349,-0.6446138592749358,1.0
-0.9484848906961962,-0.42644294438454167,1.0
0.7986014579535647,0.8165821434971237,-1.0
-0.875669072571686,0.6894694783912929,-1.0
0.20201719038499033,0.4640280065742084,-1.0
-0.19495111620075045,0.5821411033603239,-1.0
-0.6468554396406896,0.002613928702473567,1.0
-0.9027156161723091,-0.39538668715713743,1.0
-0.02356886883232079,-0.8685850063300193,1.0
0.44120282719364234,0.13489700943655025,-1.0
-0.5587201716122461,0.7034292974218836,-1.0
-0.8146945291294163,0.13395500772326918,-1.0
-0.5085625792807782,0.4634252017091747,-1.0
0.930320773809376,-0.9592408154667096,1.0
-0.8190992253029499,0.5102298936240455,-1.0
-0.9122557197661434,-0.00095350375384462,-1.0
0.3066559436505367,-0.24133264446677782,1.0
-0.18514694683443889,-0.495812014628098,-1.0
0.028315194762771556,-0.9563644089582128,-1.0
0.9882267906921605,0.18269156046175317,1.0
0.11062468497680689,-0.33965828280233046,1.0
0.5765944185532659,-0.4120837095692338,-1.0
0.371419068968442,0.4064691610366906,-1.0
0.6070610838543433,0.5790221389398822,-1.0
0.06322880291981736,0.9634216420118202,-1.0
0.8524170182954669,0.2614823435621567,-1.0
-0.6693023748285358,0.9377760677796496,1.0
0.9756085506726693,-0.13600293867215751,-1.0
-0.8284065034398542,-0.8620396577885472,1.0
-0.12883971706677944,0.21483824446443145,1.0
0.2501214985759552,-0.6392457226086685,-1.0
-0.4496436701271025,-0.24522627988825096,-1.0
-0.9443376253054443,0.8777146161617073,1.0
0.14270581012356853,-0.9402847867524298,-1.0
0.8279323044903877,0.29295910636097644,1.0
0.4054290209976048,-0.5368538522186728,-1.0
-0.4708900487156791,0.16811919217952354,1.0
-0.5616556328675151,-0.41312492224066455,-1.0
0.18305708987947655,0.3839358574991878,1.0
-0.4161260060683105,0.24596228863729164,1.0
-0.9389468458066705,-0.7676688362942774,-1.0
0.5270814782064992,0.9294890833403877,1.0
0.9037583109849694,-0.7363078039533095,1.0
-0.9439737375159623,0.9783942652390407,-1.0
-0.58936047192476,0.47300086119191964,-1.0
0.1980024080057574,0.9166182965575411,1.0
-0.31916007175807914,-0.8471577799038632,-1.0
0.8404225114202479,-0.41965741315632776,1.0
0.08175008719927335,-0.015792952938475047,1.0
-0.3460735844370115,0.260638462570288,-1.0
-0.8538412952924468,0.42753134229731304,1.0
0.06188589791925048,-0.25246769869051255,-1.0
-0.1910245671792843,-0.9039887183408055,-1.0
-0.09933567248108255,0.9845929059829277,1.0
-0.3210748257630851,-0.007947704402831768,1.0
0.6717836789491856,0.2789993852624788,-1.0
0.1341950240414025,0.8188948417857416,1.0
0.16694664210839516,0.62526660345087,1.0
-0.8773645182196954,-0.9480867261571859,1.0
0.5142631584783974,0.658250685357346,-1.0
-0.40222206440959885,0.8152951445901246,1.0
0.26474763716274863,0.20864432260347576,1.0
-0.6654293760285706,-0.6146858664862016,-1.0
0.896542347575618,-0.958834602707866,-1.0
0.253022527651811,-0.9245089412891063,-1.0
-0.32717720819443263,-0.37330345445882984,-1.0
0.9617494573961944,-0.37236008551075583,-1.0
-0.4659867527753254,-0.7474783809714061,-1.0
0.05958922221938745,-0.8767602271773605,-1.0
-0.639564351790535,0.33302099619362635,1.0
0.9454627661073145,0.6585963559909653,-1.0
-0.6835476334865582,-0.3011605005862863,1.0
-0.9547604307718001,0.373456017402082,-1.0
0.040985829864595535,-0.5680145500805174,1.0
0.40461920947396224,0.6215591971844605,-1.0
-0.9855312095630637,0.6159888513581919,-1.0
0.4444440986428533,0.6189282353879173,-1.0
0.7300160675181149,0.7442529332964112,-1.0
-0.6152750032360086,-0.7451225442641831,1.0
0.5913663368854858,0.47279780956869955,-1.0
0.7237786515441957,0.747842499977202,1.0
-0.38555363219300465,0.9094176883000926,-1.0
-0.7067649135083547,0.36172015658096557,-1.0
-0.7527154807974474,0.39545332595979343,-1.0
-0.525184656890243,-0.01386400994866932,-1.0
-0.6029078672323074,0.836325016226622,-1.0
-0.09608954248979096,0.9277001532053306,-1.0
0.6708472546165871,0.5699123653017588,1.0
-0.5395158330597107,0.004280228748587689,-1.0
-0.6798703850101091,-0.7863059802825252,-1.0
-0.8110116527914084,0.16500299688976638,-1.0
0.029108323223787202,0.6386300951235389,-1.0
-0.8924012307162363,-0.35715191204614416,1.0
0.4211846435191664,0.9401880773148603,-1.0
-0.36083689343300707,-0.519461640473724,1.0
-0.5968965024328472,0.8633758285508832,-1.0
0.06915720727027863,0.5408271339281978,-1.0
0.2688630041477875,0.9357778347142458,-1.0
-0.3235379766409048,-0.7766584240885888,1.0
-0.6431986752248118,-0.16567475987812985,1.0
-0.7696136067263863,-0.802719286673325,-1.0
-0.5287895980033723,-0.2772450810162459,-1.0
0.6992821482338618,0.48953396876622746,1.0
-0.8198518879810677,0.5591952964063085,-1.0
-0.4908417688094915,-0.9732876162280426,-1.0
0.16394530963172982,-0.4604218939466771,-1.0
-0.3703507984286416,-0.9738916489111735,-1.0
0.5334597298662036,0.5982906077172361,1.0
-0.18949446684301807,0.9645809826675606,1.0
-0.393855630841367,0.07671072483880237,-1.0
0.3633628608942099,0.6757276981373734,-1.0
0.061952654434070276,-0.0855981030896904,1.0
0.9656209993482732,0.6992466103679058,-1.0
-0.07153256682775089,-0.5400438457773118,1.0
0.42765169034021655,0.544970358326587,-1.0
0.5904577214892461,0.44707591760859966,-1.0
-0.08312250850424019,-0.505893848395139,1.0
0.10817931268967063,-0.381809018052659,1.0
-0.1530896119838827,0.3218829175817408,-1.0
-0.345294309704095,0.21380234184859592,-1.0
-0.962963338420991,-0.17889208734902673,1.0
-0.4556255601424579,-0.006043140664483637,1.0
0.12395441838799814,0.32315528149948536,-1.0
-0.9794770777798198,-0.6860946693773333,1.0
0.16145051181817416,0.9121608773154086,-1.0
-0.35834195462356644,-0.21141073232293617,1.0
0.49149977618789875,-0.6423163817803295,1.0
-0.038116890876993326,0.9847412601933099,-1.0
0.6551451404896351,0.8715909215055124,-1.0
-0.9484444314638436,-0.0591022581608216,1.0
-0.3578873502079618,-0.07172014444149633,1.0
-0.992032748744103,-0.8928147652633982,-1.0
-0.9957910005663297,-0.4848394044005948,-1.0
-0.2145377016697494,0.6834114670916549,1.0
0.1139593358516946,0.40502233902847506,1.0
-0.5795089407464562,0.2402321736589874,1.0
-0.15165610893396697,0.24731794893203363,1.0
0.7308534216150873,0.8043193798039965,1.0
-0.13880861919765075,0.25403602117984336,1.0
-0.34273315244030145,0.5771300880704264,1.0
0.7049136464263235,-0.024859590692386746,1.0
0.3122374053884689,-0.5392577398678549,1.0
-0.5615061667878516,-0.6347557564955317,-1.0
0.27632635178781384,0.26360097250892744,1.0
-0.7669515399275202,-0.3680984991325891,-1.0
-0.9522743513304628,-0.9688140018849538,-1.0
0.850026925502652,-0.4201670681187779,1.0
-0.25599048169656546,0.11023687303888763,-1.0
0.37924263058589247,-0.700733834799171,1.0
0.27975084840450415,0.04925221325370499,1.0
