0.6727963752879482,-0.13579867890958752,0.615218400435236,-1.1179382709053365,100,8,0.027000000000000024,1000
-6.252281156067675,1.4782588457185313,-6.0184941954134334,2.7321715058068823,100,19,0.0010000000000000009,1000
18.044517794996032,-1.1974536303134737,14.317321160821775,-7.356540632078177,100,10,0.0050000000000000044,1000
-0.7392974130899542,-0.28811686656107616,-0.769625756068785,-1.1976157050864955,100,7,0.0050000000000000044,1000
2.2685243853615487,-0.24436017171356225,2.174247975029484,-2.685873908307316,100,4,0.006000000000000005,1000
-4.0038875281853965,-0.8342911934498866,-4.487140301460186,-1.898791386608023,100,6,0.0030000000000000027,1000
-0.16308380284165352,-0.6733560074608196,-0.04491231794141627,-0.4093618862735107,100,19,0.039000000000000035,1000
-1.389780624988385,0.8188689096374984,-1.4880062215029217,0.8151477917113923,100,11,0.0040000000000000036,1000
-0.0774881211151719,-0.8157721930365494,-0.08251198438165122,-0.6718201939975414,100,6,0.0,1000
1.140577039349943,-0.49423265152066054,1.1549888434405786,-0.32022717192852707,100,80,0.0030000000000000027,1000
0.06585327096239242,0.12327695006197048,0.08166363155677117,0.572736692414283,100,1,0.0020000000000000018,1000
0.32581861528153616,0.005406282019327385,0.3196221379682658,0.43056726013449276,100,15,0.0010000000000000009,1000
-0.7460746811265201,-0.3353652402461039,-0.7411203205555924,-0.2539827793300818,100,59,0.0020000000000000018,1000
0.486976246466265,0.6845888005855526,0.5373287219316584,0.7101112151528124,100,2,0.009000000000000008,1000
-0.17457382166051139,0.08642996661850354,-0.16770746433043424,0.45121146253662003,100,20,0.0010000000000000009,1000
0.6227704360684889,0.046732836037554876,0.6218151524113134,0.451059863371766,100,13,0.0,1000
2.614435531967666,1.627474919540083,2.7879053809888474,1.2571404937455668,100,17,0.010000000000000009,1000
-1.0258057139738601,-0.6377594940049862,-0.9859558872022893,-0.7600646861045072,100,8,0.008000000000000007,1000
-0.3512501799138718,0.07288176822797675,-0.31882688281479776,0.30708096738930374,100,39,0.007000000000000006,1000
-0.5036890016758363,-0.5914198408214715,-0.49966445669768617,-0.29144189848860136,100,47,0.0020000000000000018,1000
-0.17871291269318934,0.566735628362877,-0.16615815128426714,0.358265611021432,100,30,0.0050000000000000044,1000
-9.724481341667794,-1.2630577372280023,-9.056612482595636,-4.011210832727975,100,13,0.0020000000000000018,1000
2.1316946099171727,-0.9635170629098804,2.1255743536250393,-1.5660863585289815,100,9,0.0,1000
-1.8028954354195161,0.6104947944187633,-1.6584869049144222,0.7418327621137301,100,19,0.013000000000000012,1000
0.4131209831433232,-0.010659072293460137,0.3525163598988978,-0.5590360408275826,100,7,0.016000000000000014,1000
1.664471556534144,-1.262488112074486,1.7473904833995508,-0.758932240219008,100,20,0.009000000000000008,1000
-0.06804403619076047,-0.9344869834659568,-0.05152991730730883,-0.3682318966686164,100,40,0.0,1000
-0.024319995327248583,-0.8627161856024675,-0.037628127952589276,-0.5474739624472891,100,13,0.0050000000000000044,1000
0.12671536773080597,-0.8258455091590268,0.11439156121404803,-0.3815764885030589,100,18,0.0010000000000000009,1000
-0.5449163822114506,0.4721989310016155,-0.5540527428557502,1.6231347542962156,100,2,0.0010000000000000009,1000
0.44889162988776554,-0.23138023208674946,0.44456124388563406,-0.4374779687973127,100,20,0.0,1000
-0.9894050140241354,-0.6604354398880647,-0.973116534352998,-0.3976222718876084,100,35,0.008000000000000007,1000
-1.1093638303052102,0.04560008726979137,-1.0304252780078347,0.49065727636671935,100,24,0.02300000000000002,1000
-0.6777476471171989,1.0318130316420846,-0.7122924898874238,0.44474757320469643,100,17,0.007000000000000006,1000
1.2389588799317814,0.06181511638839965,1.250313150254326,0.9920568154186924,100,3,0.0010000000000000009,1000
4.008261984601706,3.768054282503432,4.072406656310988,1.4543892598856674,100,14,0.0010000000000000009,1000
2.540199308825799,-1.09935548886983,2.627523079787062,-5.2096708947628185,100,6,0.0020000000000000018,1000
-1.4755317814724425,-1.0209762790449495,-1.3508915642181203,-0.42801007920992623,100,34,0.016000000000000014,1000
-1.2271041953920314,0.6787395760913806,-1.2127383196936463,0.452658223698374,100,47,0.0020000000000000018,1000
1.376362276903855,-0.14891129687071214,1.4873386872053616,-1.4555254204975687,100,8,0.01200000000000001,1000
-0.48135471262016705,0.10133926934937765,-0.4839342710363349,0.33001697438047695,100,37,0.0,1000
0.7729658379951431,0.1851025638770145,0.8188346308135788,0.4952617757638907,100,12,0.01200000000000001,1000
3.568472398533501,-0.9363647669592767,3.607629234047116,-0.992278406633814,100,60,0.0,1000
-0.36746666089395047,-0.06232486349066513,-0.35521692915039454,-0.21291994533980008,100,70,0.0020000000000000018,1000
-1.228639241972358,-0.05077215053875139,-1.3058668266613411,-0.6467433549284627,100,13,0.014000000000000012,1000
0.30303232163145183,-0.5601662706500066,0.3249967210491429,-0.595469158941657,100,15,0.007000000000000006,1000
-3.3316631862554056,2.166072257105019,-3.3503982034091,2.4139289853202963,100,12,0.0,1000
-2.772290330051373,1.5504097051096246,-2.714235651274984,1.1715806271919929,100,31,0.0030000000000000027,1000
1.760645440607605,0.25716301936667185,1.817688515426802,0.5187226284768122,100,32,0.006000000000000005,1000
-3.6139375477934426,1.3096906425491999,-3.61251034205859,1.0833900501648221,100,48,0.0,1000
-0.14510254893707175,-0.23818242833863149,-0.11154072719047167,-0.6152010738477894,100,12,0.006000000000000005,1000
0.22059443833364198,0.548178785435381,0.2193238934195246,0.3415497426549249,100,28,0.0,1000
-0.7774314746612966,-0.7315976293660612,-0.740270622495443,-0.4845607560285084,100,16,0.008000000000000007,1000
-0.8127387408481364,0.500016353282887,-0.9454717590099821,0.7262498744832667,100,9,0.027000000000000024,1000
-12.841213886974666,12.274970251731581,-7.093840238767892,2.8531457410149215,100,16,0.01100000000000001,1000
1.1737569763418483,-0.3963158934267661,1.2084053861460053,-0.68260173352437,100,16,0.009000000000000008,1000
-1.975727577081416,-0.9991942357589308,-2.2791746267405455,-1.310844017018472,100,8,0.016000000000000014,1000
1.2053239324713667,-0.11130672351970618,1.26893030173328,-1.4049575198190005,100,7,0.01200000000000001,1000
0.15225997959529017,-0.7587708374822524,0.15062082852625,-0.2901170616997038,100,55,0.0010000000000000009,1000
3.613605279320266,-0.08620490839718808,4.6630222202330325,-3.167927351537171,100,13,0.020000000000000018,1000
0.0647732913772146,0.3861521842302638,0.0765924873337901,0.8619289490262584,100,1,0.0040000000000000036,1000
-0.3384681194415775,-0.4972001603571335,-0.32881117592058146,-0.551125055553557,100,19,0.0,1000
3.029624234066797,-0.2927042952130767,3.139488859373637,-2.7798503858326424,100,10,0.0030000000000000027,1000
0.09329142285810593,0.7980640718828809,0.07942498454266546,0.6298250880665534,100,1,0.0040000000000000036,1000
10.067446706796828,-9.233807784021595,21.022636079785745,-14.482028019984336,100,9,0.010000000000000009,1000
-2.423835867721167,0.012239129020631873,-2.556731751114356,1.8337251512171235,100,7,0.0030000000000000027,1000
-3.353550475414576,-0.05107532856337699,-3.3194060764299183,-3.1063995670362714,100,2,0.0020000000000000018,1000
-0.0489309195353895,0.6567794905626327,-0.03295700176673241,0.46566380637567245,100,5,0.0020000000000000018,1000
0.35124081301585436,-0.6501990038434977,0.3628130925422167,-1.1501400541234457,100,6,0.0010000000000000009,1000
-0.9966955689090542,0.13320693466818567,-0.9891177528474665,0.19651163071471436,100,155,0.0,1000
1.136072505630106,-1.3609285817219667,1.1122757919610387,-0.5844859091176022,100,26,0.0020000000000000018,1000
1.242911945204611,-0.9697409660079719,1.422367647911865,-1.9530593623747337,100,3,0.03600000000000003,1000
1.5227265090609778,0.43375873707808077,1.4658840550207337,0.8525360398972518,100,8,0.0030000000000000027,1000
1.5203299404957766,-0.499095164878509,1.5268179574227463,-0.6679143181974989,100,26,0.0,1000
-2.3610676527239622,-0.7285233833087797,-2.156359408999868,-1.2851967941699107,100,9,0.01100000000000001,1000
-0.27088198004063757,0.10522575973007019,-0.3251216952853064,0.9369126064837737,100,4,0.018000000000000016,1000
-0.40774005099616,-0.07282124143043342,-0.4150254845566216,-1.3283528886443043,100,3,0.0030000000000000027,1000
-1.6447544790148965,0.5163316206253237,-1.9686094645055252,2.0393098386125277,100,3,0.02400000000000002,1000
-0.703836256979148,0.7523628811075463,-0.6379320114574364,0.49865127040381013,100,15,0.02400000000000002,1000
-0.4534632515022742,0.08211030809265163,-0.42337296067122476,0.5742228394521208,100,4,0.009000000000000008,1000
1.1971400476300664,-0.9851454280039522,1.1697292960375647,-0.3901791209110049,100,50,0.0050000000000000044,1000
-4.468737309992378,2.7793927059001886,-3.845044533834037,2.1228654574678165,100,11,0.006000000000000005,1000
-0.6472324378426617,0.388223841170476,-0.6494219194818976,0.27056694900238126,100,37,0.0,1000
0.07445662939979143,0.7416707801521149,0.04135262385690502,0.4208459192526393,100,13,0.0050000000000000044,1000
-0.48795493855668864,-0.04311034392893065,-0.5263640876444035,-0.39262544040931185,100,17,0.007000000000000006,1000
1.2702744458875077,0.052022785145474315,1.2289780947095919,0.4485979075054491,100,33,0.008000000000000007,1000
-10.271330190815739,8.218118354936177,-15.94486322388639,12.586799059475595,100,6,0.009000000000000008,1000
-2.7446526022261515,0.5369052700304541,-2.312818813424144,1.2506143481859853,100,10,0.018000000000000016,1000
0.02579311395098161,-0.18372053704406355,0.025441682867874998,-0.3735484561103502,100,26,0.0,1000
-0.07019581668801084,0.016477531910374293,-0.07830398492750933,0.7118277147166708,100,7,0.0040000000000000036,1000
-1.2511051368063477,-0.23337112963386664,-1.2051642789017567,-0.6181793063271773,100,19,0.008000000000000007,1000
-27.04489694128063,-24.781128221917378,-18.454205365178403,-9.100266577462396,100,11,0.006000000000000005,1000
-0.17534469502935576,-0.3829806752310191,-0.17347913718534816,-0.5218490649106484,100,24,0.0,1000
-0.8879966341398874,0.051275328952578636,-0.9397965884534535,0.24410064600246525,100,63,0.01200000000000001,1000
0.3220739859182859,-0.6878364403226986,0.28858056177699576,-0.2692602206443203,100,41,0.01200000000000001,1000
-0.08589628295240623,-0.547515877614086,-0.09389363717622129,-0.5439186831337103,100,27,0.0040000000000000036,1000
0.26234366845326246,0.23626678662496273,0.29183333682973356,0.6911671205493722,100,1,0.0050000000000000044,1000
0.5833017425271587,0.8276942280411606,0.592026730573982,0.3664174004150036,100,24,0.0010000000000000009,1000
3.3856002060743893,0.2385634103207661,3.6387190700801897,2.0985772457823453,100,4,0.006000000000000005,1000
-1.2492855334411401,-0.1265429698684799,-1.2658996902833912,-0.8224976847327491,100,13,0.0020000000000000018,1000
